em: 0.5740298771325024
acc: 0.6169893043401397
f1: 0.6428024642464024
