em: 0.3391673296207902
acc: 0.42809157606293646
f1: 0.442728714764539
