em: 0.39362880886426593
acc: 0.43130193905817177
f1: 0.4726258360707609
