em: 0.2570769720101781
acc: 0.27107188295165396
f1: 0.31405626869354647
