em: 0.11274238227146814
acc: 0.1490304709141274
f1: 0.16200605698859868
