em: 0.05130326851468763
acc: 0.059164253206454284
f1: 0.12102330652222339
