em: 0.17825793382849425
acc: 0.24564483457123565
f1: 0.2612818192749307
