em: 0.13350826972010177
acc: 0.1758905852417303
f1: 0.20947293009870138
