em: 0.14145992366412213
acc: 0.15378498727735368
f1: 0.17653954005086245
