em: 0.02772031443938767
acc: 0.04261481175010343
f1: 0.10414447160483709
