em: 0.17668575063613232
acc: 0.267573155216285
f1: 0.2361342945182094
