em: 0.03392635498551924
acc: 0.03971865949524204
f1: 0.07910408673751662
