em: 0.39002770083102495
acc: 0.41911357340720223
f1: 0.46766765238720887
