em: 0.32959605597964375
acc: 0.3681615776081425
f1: 0.39692860375291567
