em: 0.27954085077650237
acc: 0.2976367319378798
f1: 0.3694942167526706
