em: 0.022755482002482418
acc: 0.03764997931319818
f1: 0.08574328590817193
