em: 0.112
f1: 0.2245112795701031
acc: 0.272
precision: 0.19767936507936507
recall: 0.322
search_r1_reward: 0.17040000000000005
search_r1_format_valid_rate: 0.112
search_r1_retrieval_hit_rate: 0.056
