em: 0.08291694800810263
acc: 0.09628629304523971
f1: 0.12794511841693615
