em: 0.3347738014854828
acc: 0.3674544226873734
f1: 0.43978316999451084
