em: 0.11573261309925725
acc: 0.14665766374071573
f1: 0.19587491590303277
