em: 0.19667590027700832
acc: 0.3858725761772853
f1: 0.2849032464725742
