em: 0.3015999292848935
acc: 0.3673649783434986
f1: 0.3896562396614371
