em: 0.23480759795331885
acc: 0.3279596271115161
f1: 0.2878731342440454
