em: 0.28520361673792666
acc: 0.31001612111866544
f1: 0.32891684065722065
