em: 0.088
f1: 0.16722597402597403
acc: 0.088
precision: 0.18466666666666667
recall: 0.16166666666666668
search_r1_reward: 0.20880000000000004
search_r1_format_valid_rate: 0.608
search_r1_retrieval_hit_rate: 0.16
