em: 0.14853123707074886
acc: 0.1725279271824576
f1: 0.22061090521675414
