em: 0.13804071246819338
acc: 0.15720419847328243
f1: 0.19439217680102386
