em: 0.12412081092263136
acc: 0.14687629292511378
f1: 0.19896006654506487
