em: 0.2271675895423004
acc: 0.26312469334828625
f1: 0.275286940051163
