em: 0.04261481175010343
acc: 0.07323127844435251
f1: 0.09481534352716384
