em: 0.13303427490011915
acc: 0.15308053550150696
f1: 0.16180710982001018
