em: 0.5757977547953682
acc: 0.6178732431715726
f1: 0.6439764935492244
