em: 0.2562022900763359
acc: 0.2701176844783715
f1: 0.31209698883027615
