em: 0.4053743480951118
acc: 0.5223194554936799
f1: 0.4870266877090067
