em: 0.00992966487381051
acc: 0.019445593711212246
f1: 0.03853386150412423
