em: 0.1406702523789822
acc: 0.16714935870914358
f1: 0.21600738746165027
