em: 0.5742950587819323
acc: 0.6162821532749934
f1: 0.6421944230897448
