em: 0.34961799957944906
acc: 0.3768837176701479
f1: 0.39765026800493225
