em: 0.05544062887877534
acc: 0.06412908564335953
f1: 0.1226500183352892
