em: 0.533457084769734
acc: 0.5916202598780165
f1: 0.6106565315771458
