em: 0.1969529085872576
acc: 0.278393351800554
f1: 0.3061036269767337
