em: 0.33931450199761687
acc: 0.3500385505011565
f1: 0.3762796275552976
