em: 0.19085872576177285
acc: 0.2556786703601108
f1: 0.2787324396349028
