em: 0.1436866981769075
acc: 0.18582039162727887
f1: 0.24577743361845475
