em: 0.2565203562340967
acc: 0.27107188295165396
f1: 0.31346375513515967
