em: 0.1777600990011491
acc: 0.20896313975072925
f1: 0.22841643012509905
