em: 0.336
f1: 0.4328
acc: 0.352
precision: 0.43733333333333335
recall: 0.436
search_r1_reward: 0.4784000000000001
search_r1_format_valid_rate: 0.96
search_r1_retrieval_hit_rate: 0.496
